Version 0.9.7
7
 4 10 175 77 128 0 1
 5 80 400 206 81 2 2
 0 200 121 877 276 8 3
 1 97 401 206 81 140 4
 1 343 415 206 81 150 5
 3 436 36 203 58 160 7
 3 787 42 203 58 169 8
 0
53
 65793 5 71 288 71 288 71 381 253 381 253 382 253 382 0 1 0 3
 65793 5 71 275 71 275 93 275 93 135 253 135 253 135 0 1 0 3
 255 5 71 189 71 189 71 149 253 149 253 148 253 148 0 1 0 3
 255 5 71 202 71 202 98 202 98 369 253 369 253 369 0 1 0 3
 255 5 1020 369 1020 369 1020 563 67 563 67 412 112 412 0 3 0 4
 255 5 994 369 994 369 994 517 334 517 334 426 358 426 0 3 0 5
 0 5 112 470 77 470 77 554 1007 554 1007 382 1007 382 0 4 0 3
 0 5 981 382 981 382 981 510 340 510 340 484 358 484 0 3 0 5
 0 5 1020 135 1020 135 1020 25 447 25 447 73 447 73 0 3 0 7
 0 5 1007 135 1007 135 1007 33 798 33 798 79 798 79 0 3 0 8
 16776960 5 153 412 153 412 153 412 153 330 227 330 227 330 0 4 0 3
 16776960 5 172 412 172 412 164 412 164 334 240 334 240 330 0 4 0 3
 16776960 5 191 412 176 412 176 338 253 338 253 330 253 330 0 4 0 3
 16776960 5 227 278 227 278 227 278 227 239 227 239 227 239 0 3 0 3
 16776960 5 240 239 240 239 240 239 240 278 240 278 240 278 0 3 0 3
 16776960 5 253 278 253 278 253 278 253 239 253 239 253 239 0 3 0 3
 16776960 5 331 330 331 330 331 341 189 341 189 412 210 412 0 3 0 4
 16776960 5 357 187 357 187 357 177 253 177 253 187 253 187 0 3 0 3
 16776960 5 240 187 240 187 240 171 383 171 383 187 383 187 0 3 0 3
 16776960 5 227 187 227 187 227 164 409 164 409 187 409 187 0 3 0 3
 4259584 5 229 412 229 398 280 398 280 330 279 330 279 330 0 4 0 3
 4259584 5 248 412 248 412 248 399 292 399 292 330 292 330 0 4 0 3
 4259584 5 267 412 267 412 267 399 305 399 305 330 305 330 0 4 0 3
 4259584 5 286 412 286 412 286 400 344 400 344 330 344 330 0 4 0 3
 4259584 5 279 278 279 278 279 278 279 239 279 239 279 239 0 3 0 3
 4259584 5 292 278 292 278 292 278 292 239 292 239 292 239 0 3 0 3
 4259584 5 305 239 305 239 305 239 305 278 305 278 305 278 0 3 0 3
 4259584 5 344 213 344 213 344 207 305 207 305 213 305 213 0 3 0 3
 255 5 331 187 331 187 331 187 331 148 331 148 331 148 0 3 0 3
 0 5 474 382 474 382 474 382 474 330 474 330 474 330 0 3 0 3
 4259584 5 370 213 370 213 370 202 292 202 292 213 292 213 0 3 0 3
 4259584 5 279 213 279 213 279 198 396 198 396 213 396 213 0 3 0 3
 16711808 5 399 426 399 426 399 410 357 410 357 317 357 317 0 5 0 3
 16711808 5 418 426 418 426 418 410 370 410 370 317 370 317 0 5 0 3
 16711808 5 437 426 437 426 437 410 383 410 383 317 383 317 0 5 0 3
 16711808 5 456 426 456 426 456 410 396 410 396 317 396 317 0 5 0 3
 33023 5 494 426 494 426 494 396 410 396 410 304 409 304 0 5 0 3
 65535 5 513 426 513 426 513 392 422 392 422 304 422 304 0 5 0 3
 16777215 5 461 226 461 226 461 159 622 159 622 80 622 80 0 3 0 7
 16777215 5 448 226 448 226 448 159 602 159 602 80 602 80 0 3 0 7
 16777215 5 435 226 435 226 435 159 582 159 582 80 582 80 0 3 0 7
 16777215 5 562 80 562 80 562 159 422 159 422 226 422 226 0 7 0 3
 8421504 5 435 291 435 291 435 311 838 311 838 291 838 291 0 3 0 3
 8421504 5 838 278 838 278 838 278 838 239 838 239 838 239 0 3 0 3
 8421504 5 838 187 838 187 834 187 834 86 833 86 833 86 0 3 0 8
 8421504 5 448 291 448 291 448 304 851 304 851 291 851 291 0 3 0 3
 8421504 5 851 278 851 278 851 278 851 239 851 239 851 239 0 3 0 3
 8421504 5 851 187 851 187 851 86 851 86 853 86 853 86 0 3 0 8
 8421504 5 461 291 461 291 461 297 864 297 864 291 864 291 0 3 0 3
 8421504 5 864 278 864 278 864 278 864 239 864 239 864 239 0 3 0 3
 8421504 5 873 86 873 86 873 86 864 86 864 187 864 187 0 8 0 3
 8421504 5 474 226 474 226 474 226 877 226 877 226 877 226 0 3 0 3
 8421504 5 877 187 877 187 877 86 877 86 893 86 893 86 0 3 0 8
1
 7181 1 24 325 239 5 0 0 23176 3
