Version 0.9.7
5
 4 10 175 77 128 0 1
 5 80 400 206 81 2 2
 1 114 437 206 81 8 3
 0 120 120 877 276 18 4
 3 692 445 203 58 150 5
 0
57
 65793 5 71 288 71 288 71 506 71 506 129 506 129 506 0 1 0 3
 255 5 71 228 71 228 88 228 88 448 129 448 129 448 0 1 0 3
 255 5 71 189 71 189 71 189 71 147 173 147 173 147 0 1 0 4
 0 5 71 249 71 249 58 249 58 134 173 134 173 134 0 1 0 4
 0 5 836 186 836 186 836 186 836 134 836 134 836 134 0 4 0 4
 0 5 654 134 654 134 654 134 654 186 654 186 654 186 0 4 0 4
 0 5 472 134 472 134 472 134 472 186 472 186 472 186 0 4 0 4
 0 5 277 186 277 186 277 186 277 134 277 134 277 134 0 4 0 4
 0 5 836 329 836 338 921 338 921 519 703 519 703 482 0 4 0 5
 183 5 170 448 170 448 162 448 162 381 173 381 173 381 0 3 0 4
 16711680 5 186 368 186 373 154 373 154 454 189 454 189 448 0 4 0 3
 16384 5 208 448 208 466 138 466 138 329 147 329 147 329 0 3 0 4
 255 5 186 147 186 147 186 147 186 186 186 186 186 186 0 4 0 4
 255 5 381 186 381 186 381 186 381 147 381 147 381 147 0 4 0 4
 255 5 563 186 563 186 563 186 563 147 563 147 563 147 0 4 0 4
 255 5 745 186 745 186 745 186 745 186 745 147 745 147 0 4 0 4
 183 5 199 381 199 381 194 381 194 350 186 350 186 329 0 4 0 4
 8421631 5 394 329 394 329 394 352 199 352 199 329 199 329 0 4 0 4
 16711680 5 212 368 212 368 212 368 212 329 212 329 212 329 0 4 0 4
 16776960 5 225 329 225 329 225 336 381 336 381 329 381 329 0 4 0 4
 8388863 5 407 329 407 329 407 336 576 336 576 329 576 329 0 4 0 4
 8388736 5 589 329 589 329 589 336 745 336 745 329 745 329 0 4 0 4
 33023 5 771 329 771 329 771 339 784 339 784 329 784 329 0 4 0 4
 16384 5 147 316 147 316 147 322 563 322 563 316 563 316 0 4 0 4
 8421631 5 199 303 199 303 199 297 433 297 433 303 433 303 0 4 0 4
 16711680 5 420 368 420 368 415 368 415 303 420 303 420 303 0 4 0 4
 8388863 5 446 303 446 303 446 296 615 296 615 303 615 303 0 4 0 4
 16384 5 147 303 147 303 147 309 602 309 602 303 602 303 0 4 0 4
 8388736 5 628 303 628 303 628 309 756 309 756 303 758 303 0 4 0 4
 16384 5 147 277 147 277 147 277 147 238 147 238 147 238 0 4 0 4
 183 5 316 277 316 277 316 277 316 277 316 238 316 238 0 4 0 4
 16711680 5 329 238 329 238 329 238 329 277 329 277 329 277 0 4 0 4
 16711680 5 329 329 329 329 329 329 329 368 329 368 329 368 0 4 0 4
 183 5 316 381 316 381 316 381 316 329 316 329 316 329 0 4 0 4
 0 5 277 277 277 277 277 277 277 238 277 238 277 238 0 4 0 4
 0 5 264 290 264 290 264 290 277 290 277 290 277 290 0 4 0 4
 0 5 459 290 459 290 459 290 472 290 472 290 472 290 0 4 0 4
 0 5 472 238 472 238 472 238 472 277 472 277 472 277 0 4 0 4
 0 5 654 277 654 277 654 277 654 238 654 238 654 238 0 4 0 4
 0 5 654 290 654 290 654 290 641 290 641 290 641 290 0 4 0 4
 0 5 823 290 823 290 823 290 823 290 836 290 836 290 0 4 0 4
 0 5 836 238 836 238 836 238 836 277 836 277 836 277 0 4 0 4
 16711680 5 329 225 329 225 329 221 394 221 394 225 394 225 0 4 0 4
 183 5 316 225 316 225 316 215 407 215 407 225 407 225 0 4 0 4
 183 5 316 186 316 186 316 191 446 191 446 186 446 186 0 4 0 4
 16711680 5 329 199 329 199 329 204 433 204 433 199 433 199 0 4 0 4
 16711935 5 420 225 420 225 420 217 589 217 589 225 589 225 0 4 0 4
 16711935 5 459 186 459 186 459 192 628 192 628 186 628 186 0 4 0 4
 16384 5 147 225 147 225 147 219 199 219 199 225 199 225 0 4 0 4
 65280 5 212 225 212 225 212 230 576 230 576 225 576 225 0 4 0 4
 16384 5 147 199 147 199 147 198 615 198 615 199 615 199 0 4 0 4
 8388736 5 602 225 602 225 602 218 758 218 758 225 758 225 0 4 0 4
 8388736 5 641 186 648 186 648 204 765 204 765 186 771 186 0 4 0 4
 33023 5 784 225 784 225 784 225 849 225 849 225 849 225 0 4 0 4
 33023 5 849 238 849 238 849 238 849 277 849 277 849 277 0 4 0 4
 33023 5 849 316 849 316 849 322 797 322 797 316 797 316 0 4 0 4
 65535 5 810 290 810 290 810 507 738 507 738 489 738 489 0 4 0 5
4
 7004 1 14 180 238 5 0 8583336 19410544 4
 7008 1 14 375 238 5 0 8583772 1997034160 4
 7008 1 14 557 238 5 0 8583336 19410544 4
 7032 1 14 739 238 5 0 8583336 19410544 4
